iteration = 2
Parameter:
 [1]  6.000000e-01  1.798800e-09  2.019156e-05 -1.649646e-07 -4.204308e-09 -4.387594e-09  6.244253e-09
 [8] -1.463511e-06  9.160674e-09  3.968419e-09 -6.801589e-09  1.301601e-08 -1.993900e-08  2.764595e-08
[15]  5.797678e-07 -1.292661e-06  6.429902e-07  3.448317e-07 -9.040479e-08 -2.438361e-06 -1.628188e-06
[22]  2.041889e-06 -1.282533e-06  7.788903e-07  1.063629e-07
Function Value
[1] 6445577460
Gradient:
 [1] -7.268218e+09 -6.433999e+15 -8.488965e+10 -1.326075e+12 -1.370739e+14 -4.461834e+12 -9.196505e+11
 [8] -5.746024e+15 -1.669002e+12 -3.672110e+11 -3.091358e+11 -5.280157e+11 -9.934334e+14 -5.613262e+10
[15] -4.344624e+10 -1.015890e+09 -3.587615e+10 -3.933766e+09 -4.954623e+10 -6.873864e+08 -3.324462e+07
[22] -5.362751e+09 -6.562387e+09 -4.110806e+10 -2.660800e+10

Successive iterates within tolerance.
Current iterate is probably solution.

